;machine;busy_time;available;utilisation;util_%
0;BR1;7946,399999999978;7991,00000000128;0,9944187210610318;99,4
1;BR2;7875,999999999977;7988,650000001282;0,985898743842666;98,6
2;BR3;7497,59999999997;7977,400000001292;0,9398550906308767;94,0
3;BT1;2131,8181818182775;2654,3999999820426;0,8031261987012882;80,3
4;BT2;2101,3636363637406;2527,29999998158;0,8314658474969556;83,1
5;CC1;5518,899999999704;8535,770000001186;0,6465614701425808;64,7
6;CC2;4665,759999999748;8533,960000001189;0,5467285996183598;54,7
7;CL1;8470,79999999999;8545,960000001178;0,9912052010539275;99,1
8;CL2;8206,049999999665;8544,830000001179;0,9603526342827806;96,0
9;CL3;8469,120000000312;8542,18000000118;0,9914471481517764;99,1
10;CL4;8191,5899999996645;8538,940000001185;0,9593216488227494;95,9
11;D&P1;180,0;1595,3999999820571;0,1128243700652027;11,3
12;D&P2;90,0;1064,1499999897878;0,0845745430633498;8,5
13;DB1;4411,129411764738;5406,299999992054;0,8159239057712707;81,6
14;DB2;4375,411764705914;5370,699999991924;0,8146818412334506;81,5
15;DB3;4018,235294117675;4869,549999990101;0,8251758980040955;82,5
16;DB4;3928,9411764706156;4833,999999989972;0,8127722748197695;81,3
17;DB5;3589,6235294117905;4798,399999989842;0,7480875978283156;74,8
18;DB6;750,0705882352986;2532,149999981598;0,29621886074709225;29,6
19;FB1;924,0;2023,099999979746;0,45672482823847094;45,7
20;FB2;924,0;2023,099999979746;0,45672482823847094;45,7
21;FC1;3974,8705882352624;3985,799999986886;0,9972579126519997;99,7
22;FC2;3924,235294117613;3929,2499999866805;0,9987237498583484;99,9
23;FI1;781,1999999999389;1792,0499999791955;0,43592533690968893;43,6
24;FI2;781,1999999999389;1792,0499999791955;0,43592533690968893;43,6
25;FO1;4822,588235294022;5927,8999999939515;0,8135407539430393;81,4
26;FO2;4638,870588235217;5902,449999993859;0,7859228944319805;78,6
27;FO3;3639,9058823529012;5340,299999991814;0,681592023361699;68,2
28;FO4;2170,164705882331;5091,199999990908;0,4262579953421996;42,6
29;GR;1953,0;7590,800000000001;0,2572851346366654;25,7
30;HDT1;3127,083333333311;6555,799999996236;0,47699492561321377;47,7
31;HS1;991,058823529358;5982,149999994149;0,16566933686556296;16,6
32;HT;1680,0399999999718;6600,749999996399;0,2545225921298168;25,5
33;IH1;9986,760000000133;9992,3;0,9994455730912937;99,9
34;IH3;8716,680000000115;9992,3;0,8723397015702207;87,2
35;KN1;1414,4117647060284;4655,4999999893225;0,3038152217182413;30,4
36;KN2;1414,4117647060284;4655,4999999893225;0,3038152217182413;30,4
37;MP1;663,3900000000413;2225,399999980482;0,2980992181207242;29,8
38;MP2;663,3900000000413;2225,399999980482;0,2980992181207242;29,8
39;MTT1;1263,6000000000022;6313,649999995355;0,2001377966787725;20,0
40;NIH1;2254,0;7558,299999999883;0,2982152071232995;29,8
41;NIH2;2254,0;7557,299999999879;0,2982546676723216;29,8
42;NP1;3430,4000000002325;7556,5499999998765;0,45396377976726;45,4
43;NP2;3430,4000000002325;7555,549999999873;0,454023863252879;45,4
44;NT1;2860,422077922166;3135,249999983792;0,9123425812732489;91,2
45;NT2;2735,06493506502;3008,1499999833295;0,9092182687300092;90,9
46;P1;6708,140000000345;9988,51;0,6715856519140838;67,2
47;P2;8463,020000000146;9988,51;0,8472755195720028;84,7
48;PDB1;3646,588235294239;4598,449999989115;0,7930037806875949;79,3
49;PDB2;2431,0588235294927;4541,899999988909;0,5352515078569385;53,5
50;PO1;5931,352941176588;7118,999999998285;0,8331722069360888;83,3
51;PO2;5726,823529411879;7116,649999998276;0,8047077669146672;80,5
52;PO3;5522,294117647169;7109,699999998251;0,7767267420071912;77,7
53;RG1;1103,2577319587253;3325,199999984483;0,33178687957532593;33,2
54;RG2;1103,2577319587253;3325,199999984483;0,33178687957532593;33,2
55;RG3;1103,2577319587253;3325,199999984483;0,33178687957532593;33,2
56;RG4;1103,2577319587253;3325,199999984483;0,33178687957532593;33,2
57;RG5;1103,2577319587253;3325,199999984483;0,33178687957532593;33,2
58;RG6;1103,2577319587253;3325,199999984483;0,33178687957532593;33,2
59;RID1;8358,480000000156;8367,250000000937;0,9989518659056703;99,9
60;RID2;8358,480000000156;8365,250000000939;0,9991906996203602;99,9
61;RID3;8349,550000000156;8354,00000000095;0,9994673210437164;99,9
62;RNB1;7491,1500000000315;7498,249999999664;0,9990531123929406;99,9
63;RNB2;7437,450000000033;7441,94999999946;0,999395319775136;99,9
64;ROD1;8377,440000000153;8379,600000000926;0,9997422311326588;100,0
65;ROD2;8375,679999999935;8379,100000000926;0,9995918416057821;100,0
66;ROD3;8377,440000000155;8378,600000000926;0,9998615520491764;100,0
67;ROD4;8375,679999999937;8378,100000000928;0,9997111516929863;100,0
68;ROD5;8377,440000000153;8377,600000000928;0,9999809014513972;100,0
69;SAW1;9996,2000000001;10000,0;0,9996200000000101;100,0
70;SAW2;9996,2000000001;10000,0;0,9996200000000101;100,0
71;SAW3;9998,94000000004;10000,0;0,9998940000000041;100,0
72;SAW4;9996,2000000001;10000,0;0,9996200000000101;100,0
73;SB5;1269,4845360826184;3238,899999984169;0,3919492840436023;39,2
74;SP1;1775,552470588199;3453,4999999849497;0,5141313075418957;51,4
75;SPHDT1;2221,7083333333544;6557,299999996241;0,33881450190392814;33,9
76;SR1;741,1764705883252;5442,949999992187;0,13617183155997925;13,6
77;SR2;741,1764705883252;5442,299999992185;0,13618809521514608;13,6
78;TT1;429,4588235294441;6213,899999994992;0,06911260617805086;6,9
79;UT1;1067,294117647234;5445,349999992196;0,1960010132771564;19,6
80;WC;1487,6999999995278;7615,400000000091;0,19535415079963103;19,5
81;CUT1;0,0;10000,0;0,0;
82;CUT2;0,0;10000,0;0,0;
83;CUT3;0,0;10000,0;0,0;
84;CUT4;0,0;10000,0;0,0;
85;SB6;0,0;10000,0;0,0;
86;SB7;0,0;10000,0;0,0;
87;SB8;0,0;10000,0;0,0;
88;SB9;0,0;10000,0;0,0;
89;NT3;0,0;10000,0;0,0;
90;BT3;0,0;10000,0;0,0;
